1003395451788386305
1003840309166366721
1004687124141150208
1055259468248870912
1056015925667942400
1062714133391593472
1085046365523066880
1118398250241884160
1126536796760891393
11348282
1144301108044582912
1173770081295200263
1174000568882405377
1179582379985444866
1181210452119953410
1191522172608471040
1195728139898376193
1216598777370271744
1219599867347120128
1260235836274151425
1272277928026402816
1285329127982211074
1292201662531211264
1293237781628702726
1298668226155442176
1299904825723891712
1300122153317212161
1300680102196379648
1303716662538047490
1307212166513094661
1318927549091622913
1319881520727969793
1320137963112574976
1323204837912182784
1324702060223340544
1332360417125883907
1337955556087099394
1338852157337071623
1343188621592064001
1347777544649641985
1349009578156044291
1353577061546414080
1354867416430501890
1357118511802368001
1361283865826877442
1362366638532616194
1362631372305698816
1367172848255655937
1372173413943492617
1372592675640197127
1376974468027805696
1377955703126638598
1378698323280863237
1379053041995890695
1381357835393503232
1382355369985331200
1385132357691187202
1387194154908782597
1387493128098156544
1388514387627941888
1392094167522742272
1392152416854765571
1396535452107218945
1396902243752873988
1402499571935186945
1403402881517035526
1403698101060313090
1403881130802225152
1405121796341334016
1407411848446611459
1417282747
1422446441566375945
1424097527285096451
1424275360250748928
1428266588734693382
1428872926363754497
1430996173222031376
1432431780678623233
1435279537177186305
1436880221354045450
1437049754882494466
1438716572797788163
1443200444017283072
1444746829623529472
1446121973344473089
1447013847999528963
1447149142271217664
1447609047180398604
1448704403142176770
1451089087377522689
1451235188722192387
1456122941192605705
1460612851857514504
1461628841584173062
1462196268214722561
1463869681115222019
1464054407889399810
1465355451412131841
1471158831791095811
1471833645262389249
1472283782581530631
147970072
1479898037518487552
1480576896895270912
1482638143769784322
1482763540498984967
1483605449777815556
1487764654789120007
1488578439175147526
1497705387415506946
1503602954355499008
1506215784787451910
1512103916544090121
1512166664770670598
1517132937913057281
1519452249319256065
1521367307708436481
1522696492791869445
1525561521383821312
1541811450926202884
1550411018236416000
1552802976208949249
1559193198605774850
1572931937668325376
1577290996026511360
1587372906895802369
1588487175540195328
1589007443853340672
1611184634418823169
16273846
1633503475299659778
1637035856119623685
1644449732465664001
1646477594064486402
1653052103286292480
1658454401776795648
1664582154234281984
166765173
1670458910
1680243546991755265
1703332734603591680
1706117686735040512
1709668914010140672
1714300777475325953
1729864554296029184
1744350843564900352
1750526184058978304
1755485464348549120
1762522468537843712
1766836679015272448
1769035552559415296
1769641180898131968
1775486593383723008
1775601632572571648
1779491997562093568
1786999917271248896
1787491111511994368
1787752237886050304
1788144559014506496
1797327059468861440
1808320596545359874
1812370401714139138
1821252585598414848
1825185152894427136
1826999005337079808
1828245070509940737
1828869390831382528
1834650022756913152
1837108429829099520
1837821531822710784
1839426153523900418
1841279025656004608
1843291803497189377
1843964654147534848
1845963978033303552
1846309598308757504
1847354771922911232
1848405937234628608
1849124659943620608
1849872164985634816
1851010980995874816
1851676759219146752
1851707936428707840
1852699080843206657
1854919152680812546
1854998470941110272
1855182829421813760
1856105539387703296
1856670796464488449
1857145581551894528
1857368242509238272
1857525398646427648
1857532653848727552
1857639926482751488
1857980927722262528
1858207830639316992
1858214429894270976
1858591868516208640
1858615021422391297
1858629620796715008
1858713043871711232
1858741401502302208
1858745848013762561
1858978589162582016
1859292442547441664
1859317120783224832
1859390994329812993
1859417661295239168
1859436197363253248
1859754712590864387
1859804026449104896
1859814954939109376
1859931105048293376
1860068275003998208
1860260904698322944
1860269890852044801
1860506670339657728
1860508963613343745
1860934383890206720
1861027758215671808
1861127609679069184
1861647853124198400
1861730972921966592
1861967285088608256
1862649197557948417
1862882004485681152
1863008104742580224
1863100516328255489
1863510098762412032
1864659509311881216
1865790600462921728
1866421555741229056
1866595905341710336
1867226660535402496
1867635836830806016
1867680664084262917
1867921595655983104
1868550722889129984
1869043331239403520
1870557568684199936
1871331918
1871767717407064064
1872303966563758081
1873597965039747073
1873670908940054528
1873721238402539520
1874065043983335424
1874275818160996353
1874401536765218816
1874476626320498688
1874526047498088448
1874927903508672512
1874934784218058752
1875016401867677696
18881656
1892622048653881344
1894874919386677248
1913621809943154688
192941516
202457967
20392488
2184649777
2220858326
2247795084
239090734
2398385695
240327537
2440332189
2550150342
25863330
2592325530
26035132
276372500
2851588197
2929410165
3003743254
3005650652
302505363
3063147623
313724502
3166953201
3229257164
3282817634
336348053
3369243892
3392934502
3400957863
361413244
39335320
4137926120
427766081
44340733
46332443
4662468013
4700535975
48025018
480717665
501111078
50802214
519209521
541042800
59555878
59989980
752747080066723840
777008576
780034060420734976
78938870
824639603978096640
842033575985782784
847190222366527488
860054898599055360
86647812
877525465820311552
886358633646350340
887084056516583424
887928113312677889
913302048564637696
914786877382774785
922049207304966144
922358568602365953
933567617549455360
933712385327501317
936048782206058496
937166242208763904
94261044
944255537121656833
946926779226353665
951367772243709953
956330918741987329
970372386339147776
985835822585753600
989267324141277185
993530753014054912
999655776183451648